36190
36622
36861
36945
36947
37277
38147
38156
38162
38166
38168
38169
38174
38178
38181
38185
38187
38479
38481
38483
38489
38495
38499
38501
38663
38703
38776
38839
38848
39153
39187
39189
39329
39345
39349
39354
39365
39379
39462
39466
39849
39852
39872
39923
39975
39983
40218
40280
40282
40315
40361
40389
40655
40962
40980
40987
41065
41066
41067
41081
41083
41166
41167
41168
41246
41248
41251
41254
41256
41260
41317
41333
41334
41336
41339
41341
41347
41368
41375
41377
41378
41465
41489
41492
41495
41688
41691
41785
42250
42308
42675
42681
42740
43861
44994
45361
45503
45804
45808
45809
45827
45830
45846
45864
45866
45868
45876
45884
45887
45922
46089
46092
46103
46104
46107
46154
46176
46181
46195
46201
46204
46212
46224
46233
46236
46241
46252
46255
46259
46279
46283
46286
46302
46305
46307
46309
46316
46324
46327
46328
46347
46375
46384
46391
46395
46401
46402
46472
46760
46873
46874
46875
46932
47043
47500
47529
47765
47802
47816
47818
47827
47840
47847
47852
47863
47889
47890
47891
47895
47914
47922
47943
47946
47960
48020
48036
48045
48054
48067
48233
48540
48670
48704
48822
48903
48908
48911
48921
48924
48944
49494
49503
49517
49540
49561
49564
49640
49645
49649
49652
49653
50232
50453
50548
50549
50550
50557
50567
50602
50787
50843
50859
51163
51351
51543
51651
51655
51831
51919
51948
52151
52202
52227
52246
52252
52260
52267
52456
52932
52936
52939
52940
52942
52943
52946
52953
52955
52966
52967
52973
52974
52975
52987
53017
53071
53168
53387
53676
53727
53736
53919
53986
54035
54040
54125
54144
54145
54797
54943
55212
55326
55328
55377
55380
55396
55397
55403
55649
55671